lastAccountName: OriginalSkFxon
timestamps:
  login: 1471255612293
  logout: 1471255846444
ipAddress: 92.36.193.68
lastlocation:
  world: world
  x: -23.5
  y: 64.0
  z: -44.5
  yaw: 0.0
  pitch: 0.0
logoutlocation:
  world: world
  x: -12.151879574718471
  y: 63.0
  z: -48.17181640885668
  yaw: -273.0878
  pitch: 26.969112
