jails: 
  1: 
    world: world
    x: 265.42513539579534
    y: 67.0
    z: 556.5021936054296
    yaw: 89.995605
    pitch: 2.0999942
