spawns: 
  default: 
    world: world
    x: -18.510727764822658
    y: 70.0
    z: -34.522428022137696
    yaw: -269.69925
    pitch: -0.4499405
