world: world
x: -14.077568233845211
y: 63.0
z: -44.470512001096054
yaw: -129.59958
pitch: -2.0197034E-5
name: Crates
