world: world
x: 5045.431433629678
y: 65.0
z: -59.51211150161501
yaw: -0.44746983
pitch: -0.4500005
name: Divljina
