world: world
x: -19.43794262791073
y: 35.0
z: -49.44180221628988
yaw: 2.3111877
pitch: 5.6999965
name: DonorShop
