world: world
x: -3.6791442690619225
y: 63.0
z: -66.86044313252222
yaw: -179.84875
pitch: -0.45002607
name: Enchant
