world: world
x: -29.241967775351963
y: 63.0
z: -40.93046880584758
yaw: -207.89885
pitch: 7.3499737
name: Hrana
