world: world
x: -14.5
y: 63.0
z: -44.5
yaw: -129.59958
pitch: -2.0197034E-5
name: PokeBox
