world: world_the_end
x: -455.64234191535803
y: 147.0
z: 468.04177667342475
yaw: 269.85233
pitch: -1.8000228
name: PvP
