world: world
x: -19.957150105429086
y: 63.0
z: -70.3993058061811
yaw: -260.29303
pitch: 2.4701343
name: Rankovi
