world: world
x: -25.777926967464207
y: 14.0
z: -40.4972855449934
yaw: 90.611244
pitch: -4.500352
name: Shop
