world: world
x: 0.42895805684456295
y: 63.0
z: -34.569940679465475
yaw: 269.85095
pitch: 9.000005
name: Supply
